0,491
0,490
0,489
0,488
0,487
0,486
0,485
0,484
0,483
0,482
0,481
0,480
35,2
0,479
0,478
0,477
0,476
0,475
0,474
0,473
0,472
0,471
0,243
0,470
41,5
0,469
0,468
0,467
0,466
0,465
0,464
0,463
0,462
0,461
0,460
0,459
0,458
0,457
0,456
0,455
0,278
27,2
27,0
41,4
41,3
41,2
41,1
41,0
0,454
0,453
0,452
25,2
0,451
0,450
0,386
36,2
40,52
40,51
40,50
40,49
40,48
40,47
40,46
40,45
40,44
40,43
40,42
40,41
40,40
40,39
40,38
40,37
40,36
39,1
39,3
35,1
35,3
36,1
36,3
40,35
3,1
3,3
10,155
10,5
10,115
10,33
10,239
10,205
11,19
11,7
9,5
9,7
8,14
8,11
8,18
8,17
8,6
27,3
27,1
25,3
25,1
20,3
20,2
20,1
19,3
19,2
19,1
12,3
12,2
12,1
11,30
11,29
11,28
11,27
11,26
11,25
11,24
11,23
11,22
